0.21 0.09 0.18 0.16 0.14 0.07 0.07 0.10 0.08 0.12 0.09 0.09
0.21 0.09 0.17 0.15 0.13 0.07 0.08 0.11 0.09 0.14 0.11 0.11
0.21 0.09 0.18 0.16 0.14 0.06 0.07 0.09 0.07 0.12 0.09 0.09
0.21 0.09 0.18 0.16 0.14 0.07 0.07 0.10 0.08 0.13 0.10 0.09
0.21 0.09 0.18 0.16 0.14 0.06 0.07 0.09 0.07 0.12 0.09 0.09
0.21 0.09 0.18 0.15 0.14 0.07 0.07 0.10 0.07 0.12 0.09 0.09
0.21 0.09 0.18 0.16 0.15 0.07 0.07 0.09 0.07 0.12 0.09 0.08
0.21 0.09 0.18 0.16 0.15 0.07 0.07 0.09 0.07 0.12 0.09 0.08
0.21 0.09 0.17 0.15 0.14 0.07 0.08 0.10 0.08 0.13 0.10 0.10
0.21 0.09 0.18 0.15 0.14 0.07 0.07 0.10 0.08 0.12 0.09 0.09
0.21 0.09 0.18 0.16 0.15 0.06 0.07 0.09 0.07 0.12 0.09 0.08
0.21 0.09 0.18 0.17 0.15 0.07 0.07 0.09 0.07 0.12 0.09 0.09
0.21 0.09 0.18 0.16 0.15 0.06 0.07 0.09 0.07 0.12 0.09 0.08
0.21 0.09 0.18 0.16 0.15 0.06 0.07 0.09 0.07 0.11 0.08 0.08
